1.000000000000000000e+00
3.161028806235679500e-01
2.079355244108064271e-01
2.221169780306432584e-01
1.984285619403901302e-01
2.388276176672123330e-01
7.239892343892771753e-02
3.997130664634611363e-02
-1.576084535244472520e-02
3.046434417592980975e-02
4.920344374908305028e-03
4.536463490864356234e-03
1.239515706044289718e-03
-2.801565151651395913e-02
6.587609161428679971e-02
5.092687622636208472e-02
-1.937061027630950644e-02
7.160806595371513317e-02
6.354246755735049046e-02
7.586833746641896692e-02
3.470151997150890816e-02
2.186727096359978445e-02
9.828061268974361275e-02
9.895421499570747348e-02
1.141931518055521039e-01
8.759166881452280784e-02
9.806195501282287397e-02
1.133008918226675599e-01
1.113208098971024684e-01
1.488067987231484757e-01
1.163791819305668856e-01
1.345311856411877116e-01
8.859571753473315103e-02
3.577663243671844878e-02
9.365408956819763764e-02
1.369662121957960221e-01
-4.111474963559318130e-02
-5.394899864350236746e-02
1.558072609108134172e-02
-5.762982731236640510e-02
-5.113009120485024345e-02
-6.899237349355111237e-02
-7.282803912988457251e-02
-5.944468603080831776e-02
-2.487176410553845404e-02
7.670169653758301953e-02
-1.981339207207395009e-02
1.290394614242758656e-02
8.010797316086301287e-03
1.183234586615362072e-01
9.754810947205926064e-02
-2.121403115379916562e-02
3.375035907690387277e-02
1.297500988742687072e-02
5.628713251502520665e-02
5.299018473020512821e-02
-2.895956937557106134e-02
2.335113662360297632e-02
-1.781568087130710673e-02
8.375777977181433909e-02
9.899671658165894172e-02
4.935008105366762293e-02
3.545834885575072787e-02
5.943798963945278770e-03
6.593622247543998172e-02
-3.826058364653768529e-02
8.290624478125629970e-02
4.173942728634619237e-02
-2.855805921632541267e-02
2.640633101437761185e-02
-1.476048648053246773e-02
-4.321755318233015675e-02
-2.612303266171714031e-02
-3.815918114886569096e-02
-4.913784644600644597e-02
-2.490032626458619017e-02
-7.805805743973184135e-03
5.881085208983442142e-02
7.881843951122356751e-02
7.843455862717962912e-02
1.042682798501210761e-01
9.805826516452485764e-02
7.436984907427172942e-02
1.089427709995416382e-01
1.085588901154977415e-01
2.952220291049769546e-02
9.804336911028487325e-03
-3.828012617641222883e-03
-5.009994022445718280e-03
-2.075730993113102107e-02
-2.590984142671948903e-02
-4.059967414539695368e-02
-5.714509057484282867e-02
-1.674603484802061198e-02
6.174619474144676760e-03
4.763115839097468995e-02
-7.043510417808359313e-03
-3.655806030961378239e-02
-2.528967359055310157e-02
5.440476323883215899e-04
-2.314436845786481747e-02
-2.237141356995087245e-04
-1.808599642440035515e-02
-2.323852791998878148e-02
7.250879892158035300e-02
1.783413011279727164e-02
2.086814204111994003e-03
-7.036267382260362815e-03
1.985493703068882260e-02
6.157085861676602628e-02
6.098089287222423042e-03
5.714208403178508075e-03
-4.958062824177535740e-04
-8.796871664616466406e-04
-1.004185381258371982e-03
-2.363511828150372321e-02
-4.732353437175686184e-02
-6.015778337966600636e-02
-2.849792835517221679e-02
-2.094070905764827684e-02
-6.396311026332669736e-02
-6.514509166813119145e-02
-4.990615485828659575e-02
-5.029003574233051332e-02
-6.232618422947905357e-02
-4.814473060964225004e-02
-6.892007979911921045e-02
-1.395568956841622237e-02
8.964964753749053369e-03
-2.928878584038483238e-02
-2.093346602210028468e-02
-5.336108281468188858e-02
-6.433974811182263664e-02
-1.811455858344811556e-02
-4.471604157447740813e-02
-7.714365836705901203e-02
-7.461447235032679648e-02
-8.268007074669136980e-02
-7.432475092840683251e-02
-6.888249801089847690e-02
-8.277423020881537197e-02
-4.582695923428271173e-02
-1.893575482133349336e-02
-6.884177301857200004e-02
-5.731400363026412786e-02
-5.558291813429246803e-02
-4.219956503521617858e-02
-1.425087743225917844e-02
-2.814260963017605269e-02
-2.852649051422001189e-02
-1.725810379515929638e-02
-5.922302181082993167e-02
-1.485341599322376020e-02
-2.291901438958838383e-02
-1.747676147208000741e-02
-9.121441653795466648e-03
-5.214384285947391839e-02
-6.126692444584627695e-02
-6.165080532989020146e-02
-6.971640372625480253e-02
-6.136108390797027912e-02
-5.883189789123804969e-02
-5.921577877528194644e-02
-6.251272656010203876e-02
-5.124433984104133366e-02
-5.745435452663756604e-02
-5.492516850990531579e-02
-5.716463310471762288e-02
-5.834661450952213779e-02
-5.053001254275100301e-02
-5.913432879062898578e-02
-5.449017639388122752e-02
-2.257093870014023618e-02
-4.123132150960168163e-02
-1.539760028666023288e-02
-3.869830898352309093e-03
-9.820462914701367022e-03
-2.185661140184990553e-02
-6.617674592005281207e-03
7.563779027831603850e-03
-2.195077086397395627e-02
1.262215106129608265e-02
-8.153198128180936741e-03
-2.601548041688180046e-02
-1.183402679704496224e-02
-4.717471049040272701e-02
-5.047165827522279852e-02
-3.337713775460979249e-02
-4.250021934098217186e-02
-3.123183262192149798e-02
-4.909411491062232180e-02
-5.821719649699470811e-02
-2.947040837327709675e-02
-3.276735615809715091e-02
-6.519497295067878950e-02
-5.392658623161807746e-02
-6.013660091721433065e-02
-3.430287969427284894e-02
-6.090436268530216579e-02
-4.963597596624148151e-02
-5.001985685028539214e-02
-4.749067083355311414e-02
-5.952681932070166826e-02
-4.534536570086483004e-02
-3.990311278335641892e-02
-5.193926127050498692e-02
-5.232314215454888368e-02
-5.270702303859281512e-02
-6.474317152574135537e-02
-6.221398550900913288e-02
-3.135223100527592677e-02
-5.212758019475292187e-02
-5.251146107879686720e-02
-4.706920816128848384e-02
-5.513480655765308491e-02
-1.182268393005472470e-02
-1.114908162409086224e-02
-7.270736742443398293e-02
-4.872922991226088379e-02
-3.163470939164791246e-02
-3.201859027569181615e-02
1.526408244269046935e-02
-1.716353434989111026e-02
-4.270753415091262106e-02
-3.143914743185194371e-02
-4.824394653054497190e-02
-2.241022530760355264e-02
-4.318557449708051305e-02
-4.356945538112445143e-02
-5.931677128980972907e-02
-2.183078246376366285e-02
-4.260613165324064061e-02
-3.133774493417994245e-02
-1.424322441356695376e-02
-4.375777430537241414e-02
8.293549024554447771e-03
-3.287326847035562660e-02
-1.869181485051878144e-02
3.335950847940805791e-02
-1.072037591627815999e-02
-5.278122998769791373e-03
1.641299187385856432e-04
2.891091804245621288e-02
3.435317095996458236e-02
1.649088867126375507e-02
5.106381059653369858e-02
4.070859300071284249e-03
3.864378122534121995e-02
6.216164432759582227e-03
2.622375185414875173e-02
8.992734278718020335e-02
2.545599008606090619e-02
-6.971626706520714194e-03
-1.609470829289305627e-02
-1.913254673056221516e-03
1.518126584755681054e-02
2.644965256661746186e-02
-3.064897325187971623e-03
-3.549251411776955384e-02
2.821107681526189431e-02
-1.303473076543594901e-03
-1.810827217523661853e-02
-2.431828686083287172e-02
-3.026891887718191967e-02
-1.262748084217119341e-03
-1.621196347214176603e-02
-1.156781107539398695e-02
2.873025213690042195e-03
-1.287429069499521420e-02
1.056512896566445640e-02
4.751239994019713919e-02
-2.786518770258281943e-04
3.308017329714191181e-03
8.750270247222576708e-03
8.366389363178629648e-03
1.380864228068702862e-02
1.342476139664308850e-02
1.886701431415151176e-02
-4.821401776101661568e-03
-8.118349560921729602e-03
2.459898865357978276e-02
2.130204086875974595e-02
2.965736068704430059e-02
4.113360886022737750e-03
-3.414038970811116014e-02
4.704160262957725325e-02
-2.511146758386274824e-02
-6.959463873241935293e-03
-1.105451217882259980e-02
-3.765599516985190104e-02
-1.764840774846278271e-02
-5.193160825181272755e-02
-2.106985374807955960e-02
-3.681716965676484071e-02
1.734912005317753789e-02
-4.103671617714224618e-02
-4.142059706118617068e-02
1.168820945874844697e-02
-2.127812518534656638e-02
3.183068133458803045e-02
2.316131442782594797e-03
-9.808163420374537214e-04
2.299732117013561505e-02
-2.399563012632673770e-02
5.136022840980934007e-02
1.893261161722772229e-02
-1.932113897690619295e-02
1.743931634490741411e-03
-1.611835065421009239e-02
2.719377197338827476e-02
-3.436451382695489276e-02
-2.018306020711803372e-02
-1.474080728960962781e-02
-4.425535718141507951e-02
-3.881310426390673085e-02
-2.463165064406984059e-02
5.363727479284237376e-02
7.701806686387796703e-03
-3.717617823005904543e-02
-7.371906916333654906e-03
1.183757998429491899e-02
2.019289980257945455e-02
-1.011975060998654939e-02
-1.924283219635897560e-02
1.822238415037966998e-03
1.697740200241239922e-03
2.461839452240653994e-02
-1.983088468622760860e-03
-2.366969352666683200e-03
9.160800035641219335e-03
4.796365472094222399e-02
1.659352111836841920e-02
-1.268761170332439320e-03
3.375391226415366212e-03
5.939726464712613563e-02
1.823044715221607340e-02
7.251781855075391248e-03
-4.784366632073186291e-03
6.578862854351824304e-04
2.066547370682434229e-02
-1.098754826526536981e-04
-3.545055917601037943e-02
-3.790704151516630614e-03
-6.030168746328940302e-03
-1.700883404346969011e-02
-1.156658112596130501e-02
2.614872493875539713e-03
2.393932577451966456e-02
-2.279424285269555581e-02
5.944523267500063934e-02
8.741113957001519705e-03
6.290740366694394514e-02
1.431825132896035607e-02
-8.312681571284973037e-03
8.160851146873182582e-02
-3.254309537820531534e-03
2.549247858589710064e-02
1.804062495643923196e-03
-4.405952189952292916e-03
-1.876766173220027496e-03
2.104388814894522092e-02
1.483387346334898334e-02
-5.941475726127983144e-03
1.989224549681346474e-02
2.373829737280068117e-02
3.023803348031684976e-02
3.636550489287563269e-03
-1.422573179941327183e-02
1.849160641508827696e-02
3.849919383647740223e-02
-1.723295816231340538e-02
2.025303066373267472e-02
-1.508765302962508832e-02
4.121833871003458688e-03
-3.943764525361147591e-03
3.613454772162781083e-03
1.779490839199964966e-02
-1.357522521057415686e-02
1.251787868161444335e-02
7.365347186026022230e-03
9.894533202758229104e-03
3.684518517162050939e-03
-1.391838110229162359e-02
1.191534012064982516e-02
3.774906134359126697e-02
2.408377650233552072e-03
-6.714703936138810385e-03
1.640615882145704356e-03
-6.424982514218881106e-03
4.843404204841791905e-03
-1.366610480754426593e-03
-9.172826207871822429e-03
-2.673090100355637357e-03
-8.883104785951903559e-03
-6.353918769219652450e-03
-9.650866554039742168e-03
-2.093647256515725457e-03
-3.016245992073093244e-03
1.407827452853987853e-02
1.865423306229831103e-04
-1.184960615652552035e-02
-5.812194374648647953e-04
-4.676267743045517053e-03
-2.147081726313278521e-03
-1.127016331268567394e-02
-1.165404419672960018e-02
-9.124858179997351673e-03
-1.136432277480964488e-02
-1.069072046884578589e-02
-1.107460135288971213e-02
-5.632348435381348724e-03
-4.699363460170281892e-03
-6.938828054982558620e-03
-5.207742559010942150e-03
-5.591623443054861455e-03
-2.004954236314838555e-03
-4.244418831127092298e-03
-3.570816525163269736e-03
-1.839731029191622909e-03
-2.223611913235524866e-03
-1.550009607271619905e-03
-8.764073013078123048e-04
-2.028049953439397342e-04
-5.866858793879004821e-04
-9.705667634317758762e-04
-2.969644574679592775e-04
2.491604228511500214e-03
2.107723344467527567e-03
1.723842460423627562e-03
2.397444766387487637e-03
2.013563882343577006e-03
1.629682998299659220e-03
1.245802114255706089e-03
8.619212302117894948e-04
4.780403461679022829e-04
9.415946212397391195e-05
-2.897214219199441862e-04
-6.736023059638783983e-04
